gcc name.c -fprofile-arcs -ftest-coverage
./a.out
gcov name.c
cat name.c.gcov

lcov -d . -t 'name' -o 'name.info' -b . -c
genhtml -o result name.info


0.005000 0.020000 

2947

0.005000 0.100000 

1751

0.005000 0.200000 

892

0.005000 0.300000 

487

0.005000 0.400000 

270

0.005000 0.500000 

120

0.005000 0.600000 

22

0.005000 0.700000 

1

0.005000 0.800000 

0

0.005000 0.900000 

0

0.010000 0.020000 

618

0.010000 0.100000 

460

0.010000 0.200000 

234

0.010000 0.300000 

125

0.010000 0.400000 

62

0.010000 0.500000 

15

0.010000 0.600000 

0

0.010000 0.700000 

0

0.010000 0.800000 

0

0.010000 0.900000 

0

0.020000 0.020000 

134

0.020000 0.100000 

124

0.020000 0.200000 

73

0.020000 0.300000 

37

0.020000 0.400000 

15

0.020000 0.500000 

1

0.020000 0.600000 

0

0.020000 0.700000 

0

0.020000 0.800000 

0

0.020000 0.900000 

0

0.050000 0.020000 

6

0.050000 0.100000 

6

0.050000 0.200000 

6

0.050000 0.300000 

3

0.050000 0.400000 

1

0.050000 0.500000 

0

0.050000 0.600000 

0

0.050000 0.700000 

0

0.050000 0.800000 

0

0.050000 0.900000 

0

0.100000 0.020000 

0

0.100000 0.100000 

0

0.100000 0.200000 

0

0.100000 0.300000 

0

0.100000 0.400000 

0

0.100000 0.500000 

0

0.100000 0.600000 

0

0.100000 0.700000 

0

0.100000 0.800000 

0

0.100000 0.900000 

0